[Equalizer preset]
Preamp=-5.904761791229248
Band0=0
Band1=0
Band2=0
Band3=0
Band4=-0.19047600030899048
Band5=0.95999997854232788
Band6=2.880000114440918
Band7=3.8399999141693115
Band8=1.9199999570846558
Band9=5.904761791229248
