[Equalizer preset]
Preamp=-3.3599998950958252
Band0=3.3599998950958252
Band1=1.440000057220459
Band2=-0.19047600030899048
Band3=-0.19047600030899048
Band4=-0.19047600030899048
Band5=-0.19047600030899048
Band6=0
Band7=1.440000057220459
Band8=0.95999997854232788
Band9=3.3599998950958252
