[Equalizer preset]
Preamp=-5.904761791229248
Band0=5.904761791229248
Band1=2.880000114440918
Band2=0
Band3=0
Band4=-0.19047600030899048
Band5=0
Band6=0
Band7=0
Band8=0
Band9=0
