[Equalizer preset]
Preamp=-5.904761791229248
Band0=5.904761791229248
Band1=2.880000114440918
Band2=1.440000057220459
Band3=0.95999997854232788
Band4=0
Band5=0.95999997854232788
Band6=2.880000114440918
Band7=3.8399999141693115
Band8=1.9199999570846558
Band9=5.904761791229248
